1000.0,1000.0,50.0,100.0
3001.0,1009.01,650.55,700.5
5002.0,1018.02,1251.1,1301.0
7003.0,1027.03,1851.65,1901.5
9004.0,1036.04,2452.2,2502.0
11005.01,1045.05,3052.75,3102.5
13006.01,1054.05,3653.3,3703.0
15007.01,1063.06,4253.85,4303.5
17008.01,1072.07,4854.4,4904.0
19009.01,1081.08,5454.95,5504.5
21010.01,1090.09,6055.51,6105.01
23011.01,1099.1,6656.06,6705.51
25012.01,1108.11,7256.61,7306.01
27013.01,1117.12,7857.16,7906.51
29014.01,1126.13,8457.71,8507.01
31015.02,1135.14,9058.26,9107.51
33016.02,1144.14,9658.81,9708.01
35017.02,1153.15,10259.36,10308.51
37018.02,1162.16,10859.91,10909.01
39019.02,1171.17,11460.46,11509.51
41020.02,1180.18,12061.01,12110.01
43021.02,1189.19,12661.56,12710.51
45022.02,1198.2,13262.11,13311.01
47023.02,1207.21,13862.66,13911.51
49024.02,1216.22,14463.21,14512.01
51025.03,1225.23,15063.76,15112.51
53026.03,1234.23,15664.31,15713.01
55027.03,1243.24,16264.86,16313.51
57028.03,1252.25,16865.42,16914.01
59029.03,1261.26,17465.97,17514.51
61030.03,1270.27,18066.52,18115.02
63031.03,1279.28,18667.07,18715.52
65032.03,1288.29,19267.62,19316.02
67033.03,1297.3,19868.17,19916.52
69034.03,1306.31,20468.72,20517.02
71035.04,1315.32,21069.27,21117.52
73036.04,1324.32,21669.82,21718.02
75037.04,1333.33,22270.37,22318.52
77038.04,1342.34,22870.92,22919.02
79039.04,1351.35,23471.47,23519.52
81040.04,1360.36,24072.02,24120.02
83041.04,1369.37,24672.57,24720.52
85042.04,1378.38,25273.12,25321.02
87043.04,1387.39,25873.67,25921.52
89044.04,1396.4,26474.22,26522.02
91045.05,1405.41,27074.77,27122.52
93046.05,1414.41,27675.33,27723.02
95047.05,1423.42,28275.88,28323.52
97048.05,1432.43,28876.43,28924.02
99049.05,1441.44,29476.98,29524.52
101050.05,1450.45,30077.53,30125.03
103051.05,1459.46,30678.08,30725.53
105052.05,1468.47,31278.63,31326.03
107053.05,1477.48,31879.18,31926.53
109054.05,1486.49,32479.73,32527.03
111055.06,1495.5,33080.28,33127.53
113056.06,1504.5,33680.83,33728.03
115057.06,1513.51,34281.38,34328.53
117058.06,1522.52,34881.93,34929.03
119059.06,1531.53,35482.48,35529.53
121060.06,1540.54,36083.03,36130.03
123061.06,1549.55,36683.58,36730.53
125062.06,1558.56,37284.13,37331.03
127063.06,1567.57,37884.68,37931.53
129064.06,1576.58,38485.24,38532.03
131065.07,1585.59,39085.79,39132.53
133066.07,1594.59,39686.34,39733.03
135067.07,1603.6,40286.89,40333.53
137068.07,1612.61,40887.44,40934.03
139069.07,1621.62,41487.99,41534.53
141070.07,1630.63,42088.54,42135.04
143071.07,1639.64,42689.09,42735.54
145072.07,1648.65,43289.64,43336.04
147073.07,1657.66,43890.19,43936.54
149074.07,1666.67,44490.74,44537.04
151075.08,1675.68,45091.29,45137.54
153076.08,1684.68,45691.84,45738.04
155077.08,1693.69,46292.39,46338.54
157078.08,1702.7,46892.94,46939.04
159079.08,1711.71,47493.49,47539.54
161080.08,1720.72,48094.04,48140.04
163081.08,1729.73,48694.59,48740.54
165082.08,1738.74,49295.15,49341.04
167083.08,1747.75,49895.7,49941.54
169084.08,1756.76,50496.25,50542.04
171085.09,1765.77,51096.8,51142.54
173086.09,1774.77,51697.35,51743.04
175087.09,1783.78,52297.9,52343.54
177088.09,1792.79,52898.45,52944.04
179089.09,1801.8,53499.0,53544.54
181090.09,1810.81,54099.55,54145.05
183091.09,1819.82,54700.1,54745.55
185092.09,1828.83,55300.65,55346.05
187093.09,1837.84,55901.2,55946.55
189094.09,1846.85,56501.75,56547.05
191095.1,1855.86,57102.3,57147.55
193096.1,1864.86,57702.85,57748.05
195097.1,1873.87,58303.4,58348.55
197098.1,1882.88,58903.95,58949.05
199099.1,1891.89,59504.5,59549.55
201100.1,1900.9,60105.06,60150.05
203101.1,1909.91,60705.61,60750.55
205102.1,1918.92,61306.16,61351.05
207103.1,1927.93,61906.71,61951.55
209104.1,1936.94,62507.26,62552.05
211105.11,1945.95,63107.81,63152.55
213106.11,1954.95,63708.36,63753.05
215107.11,1963.96,64308.91,64353.55
217108.11,1972.97,64909.46,64954.05
219109.11,1981.98,65510.01,65554.55
221110.11,1990.99,66110.56,66155.06
223111.11,2000.0,66711.11,66755.56
225112.11,2009.01,67311.66,67356.06
227113.11,2018.02,67912.21,67956.56
229114.11,2027.03,68512.76,68557.06
231115.12,2036.04,69113.31,69157.56
233116.12,2045.05,69713.86,69758.06
235117.12,2054.05,70314.41,70358.56
237118.12,2063.06,70914.96,70959.06
239119.12,2072.07,71515.52,71559.56
241120.12,2081.08,72116.07,72160.06
243121.12,2090.09,72716.62,72760.56
245122.12,2099.1,73317.17,73361.06
247123.12,2108.11,73917.72,73961.56
249124.12,2117.12,74518.27,74562.06
251125.13,2126.13,75118.82,75162.56
253126.13,2135.14,75719.37,75763.06
255127.13,2144.14,76319.92,76363.56
257128.13,2153.15,76920.47,76964.06
259129.13,2162.16,77521.02,77564.56
261130.13,2171.17,78121.57,78165.07
263131.13,2180.18,78722.12,78765.57
265132.13,2189.19,79322.67,79366.07
267133.13,2198.2,79923.22,79966.57
269134.13,2207.21,80523.77,80567.07
271135.14,2216.22,81124.32,81167.57
273136.14,2225.23,81724.87,81768.07
275137.14,2234.23,82325.43,82368.57
277138.14,2243.24,82925.98,82969.07
279139.14,2252.25,83526.53,83569.57
281140.14,2261.26,84127.08,84170.07
283141.14,2270.27,84727.63,84770.57
285142.14,2279.28,85328.18,85371.07
287143.14,2288.29,85928.73,85971.57
289144.14,2297.3,86529.28,86572.07
291145.15,2306.31,87129.83,87172.57
293146.15,2315.32,87730.38,87773.07
295147.15,2324.32,88330.93,88373.57
297148.15,2333.33,88931.48,88974.07
299149.15,2342.34,89532.03,89574.57
301150.15,2351.35,90132.58,90175.08
303151.15,2360.36,90733.13,90775.58
305152.15,2369.37,91333.68,91376.08
307153.15,2378.38,91934.23,91976.58
309154.15,2387.39,92534.78,92577.08
311155.16,2396.4,93135.34,93177.58
313156.16,2405.41,93735.89,93778.08
315157.16,2414.41,94336.44,94378.58
317158.16,2423.42,94936.99,94979.08
319159.16,2432.43,95537.54,95579.58
321160.16,2441.44,96138.09,96180.08
323161.16,2450.45,96738.64,96780.58
325162.16,2459.46,97339.19,97381.08
327163.16,2468.47,97939.74,97981.58
329164.16,2477.48,98540.29,98582.08
331165.17,2486.49,99140.84,99182.58
333166.17,2495.5,99741.39,99783.08
335167.17,2504.5,100341.94,100383.58
337168.17,2513.51,100942.49,100984.08
339169.17,2522.52,101543.04,101584.58
341170.17,2531.53,102143.59,102185.09
343171.17,2540.54,102744.14,102785.59
345172.17,2549.55,103344.69,103386.09
347173.17,2558.56,103945.25,103986.59
349174.17,2567.57,104545.8,104587.09
351175.18,2576.58,105146.35,105187.59
353176.18,2585.59,105746.9,105788.09
355177.18,2594.59,106347.45,106388.59
357178.18,2603.6,106948.0,106989.09
359179.18,2612.61,107548.55,107589.59
361180.18,2621.62,108149.1,108190.09
363181.18,2630.63,108749.65,108790.59
365182.18,2639.64,109350.2,109391.09
367183.18,2648.65,109950.75,109991.59
369184.18,2657.66,110551.3,110592.09
371185.19,2666.67,111151.85,111192.59
373186.19,2675.68,111752.4,111793.09
375187.19,2684.68,112352.95,112393.59
377188.19,2693.69,112953.5,112994.09
379189.19,2702.7,113554.05,113594.59
381190.19,2711.71,114154.6,114195.1
383191.19,2720.72,114755.16,114795.6
385192.19,2729.73,115355.71,115396.1
387193.19,2738.74,115956.26,115996.6
389194.19,2747.75,116556.81,116597.1
391195.2,2756.76,117157.36,117197.6
393196.2,2765.77,117757.91,117798.1
395197.2,2774.77,118358.46,118398.6
397198.2,2783.78,118959.01,118999.1
399199.2,2792.79,119559.56,119599.6
401200.2,2801.8,120160.11,120200.1
403201.2,2810.81,120760.66,120800.6
405202.2,2819.82,121361.21,121401.1
407203.2,2828.83,121961.76,122001.6
409204.2,2837.84,122562.31,122602.1
411205.21,2846.85,123162.86,123202.6
413206.21,2855.86,123763.41,123803.1
415207.21,2864.86,124363.96,124403.6
417208.21,2873.87,124964.51,125004.1
419209.21,2882.88,125565.07,125604.6
421210.21,2891.89,126165.62,126205.11
423211.21,2900.9,126766.17,126805.61
425212.21,2909.91,127366.72,127406.11
427213.21,2918.92,127967.27,128006.61
429214.21,2927.93,128567.82,128607.11
431215.22,2936.94,129168.37,129207.61
433216.22,2945.95,129768.92,129808.11
435217.22,2954.95,130369.47,130408.61
437218.22,2963.96,130970.02,131009.11
439219.22,2972.97,131570.57,131609.61
441220.22,2981.98,132171.12,132210.11
443221.22,2990.99,132771.67,132810.61
445222.22,3000.0,133372.22,133411.11
447223.22,3009.01,133972.77,134011.61
449224.22,3018.02,134573.32,134612.11
451225.23,3027.03,135173.87,135212.61
453226.23,3036.04,135774.42,135813.11
455227.23,3045.05,136374.97,136413.61
457228.23,3054.05,136975.53,137014.11
459229.23,3063.06,137576.08,137614.61
461230.23,3072.07,138176.63,138215.12
463231.23,3081.08,138777.18,138815.62
465232.23,3090.09,139377.73,139416.12
467233.23,3099.1,139978.28,140016.62
469234.23,3108.11,140578.83,140617.12
471235.24,3117.12,141179.38,141217.62
473236.24,3126.13,141779.93,141818.12
475237.24,3135.14,142380.48,142418.62
477238.24,3144.14,142981.03,143019.12
479239.24,3153.15,143581.58,143619.62
481240.24,3162.16,144182.13,144220.12
483241.24,3171.17,144782.68,144820.62
485242.24,3180.18,145383.23,145421.12
487243.24,3189.19,145983.78,146021.62
489244.24,3198.2,146584.33,146622.12
491245.25,3207.21,147184.88,147222.62
493246.25,3216.22,147785.44,147823.12
495247.25,3225.23,148385.99,148423.62
497248.25,3234.23,148986.54,149024.12
499249.25,3243.24,149587.09,149624.62
501250.25,3252.25,150187.64,150225.13
503251.25,3261.26,150788.19,150825.63
505252.25,3270.27,151388.74,151426.13
507253.25,3279.28,151989.29,152026.63
509254.25,3288.29,152589.84,152627.13
511255.26,3297.3,153190.39,153227.63
513256.26,3306.31,153790.94,153828.13
515257.26,3315.32,154391.49,154428.63
517258.26,3324.32,154992.04,155029.13
519259.26,3333.33,155592.59,155629.63
521260.26,3342.34,156193.14,156230.13
523261.26,3351.35,156793.69,156830.63
525262.26,3360.36,157394.24,157431.13
527263.26,3369.37,157994.79,158031.63
529264.26,3378.38,158595.35,158632.13
531265.27,3387.39,159195.9,159232.63
533266.27,3396.4,159796.45,159833.13
535267.27,3405.41,160397.0,160433.63
537268.27,3414.41,160997.55,161034.13
539269.27,3423.42,161598.1,161634.63
541270.27,3432.43,162198.65,162235.14
543271.27,3441.44,162799.2,162835.64
545272.27,3450.45,163399.75,163436.14
547273.27,3459.46,164000.3,164036.64
549274.27,3468.47,164600.85,164637.14
551275.28,3477.48,165201.4,165237.64
553276.28,3486.49,165801.95,165838.14
555277.28,3495.5,166402.5,166438.64
557278.28,3504.5,167003.05,167039.14
559279.28,3513.51,167603.6,167639.64
561280.28,3522.52,168204.15,168240.14
563281.28,3531.53,168804.7,168840.64
565282.28,3540.54,169405.26,169441.14
567283.28,3549.55,170005.81,170041.64
569284.28,3558.56,170606.36,170642.14
571285.29,3567.57,171206.91,171242.64
573286.29,3576.58,171807.46,171843.14
575287.29,3585.59,172408.01,172443.64
577288.29,3594.59,173008.56,173044.14
579289.29,3603.6,173609.11,173644.64
581290.29,3612.61,174209.66,174245.15
583291.29,3621.62,174810.21,174845.65
585292.29,3630.63,175410.76,175446.15
587293.29,3639.64,176011.31,176046.65
589294.29,3648.65,176611.86,176647.15
591295.3,3657.66,177212.41,177247.65
593296.3,3666.67,177812.96,177848.15
595297.3,3675.68,178413.51,178448.65
597298.3,3684.68,179014.06,179049.15
599299.3,3693.69,179614.61,179649.65
601300.3,3702.7,180215.17,180250.15
603301.3,3711.71,180815.72,180850.65
605302.3,3720.72,181416.27,181451.15
607303.3,3729.73,182016.82,182051.65
609304.3,3738.74,182617.37,182652.15
611305.31,3747.75,183217.92,183252.65
613306.31,3756.76,183818.47,183853.15
615307.31,3765.77,184419.02,184453.65
617308.31,3774.77,185019.57,185054.15
619309.31,3783.78,185620.12,185654.65
621310.31,3792.79,186220.67,186255.16
623311.31,3801.8,186821.22,186855.66
625312.31,3810.81,187421.77,187456.16
627313.31,3819.82,188022.32,188056.66
629314.31,3828.83,188622.87,188657.16
631315.32,3837.84,189223.42,189257.66
633316.32,3846.85,189823.97,189858.16
635317.32,3855.86,190424.52,190458.66
637318.32,3864.86,191025.08,191059.16
639319.32,3873.87,191625.63,191659.66
641320.32,3882.88,192226.18,192260.16
643321.32,3891.89,192826.73,192860.66
645322.32,3900.9,193427.28,193461.16
647323.32,3909.91,194027.83,194061.66
649324.32,3918.92,194628.38,194662.16
651325.33,3927.93,195228.93,195262.66
653326.33,3936.94,195829.48,195863.16
655327.33,3945.95,196430.03,196463.66
657328.33,3954.95,197030.58,197064.16
659329.33,3963.96,197631.13,197664.66
661330.33,3972.97,198231.68,198265.17
663331.33,3981.98,198832.23,198865.67
665332.33,3990.99,199432.78,199466.17
667333.33,4000.0,200033.33,200066.67
669334.33,4009.01,200633.88,200667.17
671335.34,4018.02,201234.43,201267.67
673336.34,4027.03,201834.98,201868.17
675337.34,4036.04,202435.54,202468.67
677338.34,4045.05,203036.09,203069.17
679339.34,4054.05,203636.64,203669.67
681340.34,4063.06,204237.19,204270.17
683341.34,4072.07,204837.74,204870.67
685342.34,4081.08,205438.29,205471.17
687343.34,4090.09,206038.84,206071.67
689344.34,4099.1,206639.39,206672.17
691345.35,4108.11,207239.94,207272.67
693346.35,4117.12,207840.49,207873.17
695347.35,4126.13,208441.04,208473.67
697348.35,4135.14,209041.59,209074.17
699349.35,4144.14,209642.14,209674.67
701350.35,4153.15,210242.69,210275.18
703351.35,4162.16,210843.24,210875.68
705352.35,4171.17,211443.79,211476.18
707353.35,4180.18,212044.34,212076.68
709354.35,4189.19,212644.89,212677.18
711355.36,4198.2,213245.45,213277.68
713356.36,4207.21,213846.0,213878.18
715357.36,4216.22,214446.55,214478.68
717358.36,4225.23,215047.1,215079.18
719359.36,4234.23,215647.65,215679.68
721360.36,4243.24,216248.2,216280.18
723361.36,4252.25,216848.75,216880.68
725362.36,4261.26,217449.3,217481.18
727363.36,4270.27,218049.85,218081.68
729364.36,4279.28,218650.4,218682.18
731365.37,4288.29,219250.95,219282.68
733366.37,4297.3,219851.5,219883.18
735367.37,4306.31,220452.05,220483.68
737368.37,4315.32,221052.6,221084.18
739369.37,4324.32,221653.15,221684.68
741370.37,4333.33,222253.7,222285.19
743371.37,4342.34,222854.25,222885.69
745372.37,4351.35,223454.8,223486.19
747373.37,4360.36,224055.36,224086.69
749374.37,4369.37,224655.91,224687.19
751375.38,4378.38,225256.46,225287.69
753376.38,4387.39,225857.01,225888.19
755377.38,4396.4,226457.56,226488.69
757378.38,4405.41,227058.11,227089.19
759379.38,4414.41,227658.66,227689.69
761380.38,4423.42,228259.21,228290.19
763381.38,4432.43,228859.76,228890.69
765382.38,4441.44,229460.31,229491.19
767383.38,4450.45,230060.86,230091.69
769384.38,4459.46,230661.41,230692.19
771385.39,4468.47,231261.96,231292.69
773386.39,4477.48,231862.51,231893.19
775387.39,4486.49,232463.06,232493.69
777388.39,4495.5,233063.61,233094.19
779389.39,4504.5,233664.16,233694.69
781390.39,4513.51,234264.71,234295.2
783391.39,4522.52,234865.27,234895.7
785392.39,4531.53,235465.82,235496.2
787393.39,4540.54,236066.37,236096.7
789394.39,4549.55,236666.92,236697.2
791395.4,4558.56,237267.47,237297.7
793396.4,4567.57,237868.02,237898.2
795397.4,4576.58,238468.57,238498.7
797398.4,4585.59,239069.12,239099.2
799399.4,4594.59,239669.67,239699.7
801400.4,4603.6,240270.22,240300.2
803401.4,4612.61,240870.77,240900.7
805402.4,4621.62,241471.32,241501.2
807403.4,4630.63,242071.87,242101.7
809404.4,4639.64,242672.42,242702.2
811405.41,4648.65,243272.97,243302.7
813406.41,4657.66,243873.52,243903.2
815407.41,4666.67,244474.07,244503.7
817408.41,4675.68,245074.62,245104.2
819409.41,4684.68,245675.18,245704.7
821410.41,4693.69,246275.73,246305.21
823411.41,4702.7,246876.28,246905.71
825412.41,4711.71,247476.83,247506.21
827413.41,4720.72,248077.38,248106.71
829414.41,4729.73,248677.93,248707.21
831415.42,4738.74,249278.48,249307.71
833416.42,4747.75,249879.03,249908.21
835417.42,4756.76,250479.58,250508.71
837418.42,4765.77,251080.13,251109.21
839419.42,4774.77,251680.68,251709.71
841420.42,4783.78,252281.23,252310.21
843421.42,4792.79,252881.78,252910.71
845422.42,4801.8,253482.33,253511.21
847423.42,4810.81,254082.88,254111.71
849424.42,4819.82,254683.43,254712.21
851425.43,4828.83,255283.98,255312.71
853426.43,4837.84,255884.53,255913.21
855427.43,4846.85,256485.09,256513.71
857428.43,4855.86,257085.64,257114.21
859429.43,4864.86,257686.19,257714.71
861430.43,4873.87,258286.74,258315.22
863431.43,4882.88,258887.29,258915.72
865432.43,4891.89,259487.84,259516.22
867433.43,4900.9,260088.39,260116.72
869434.43,4909.91,260688.94,260717.22
871435.44,4918.92,261289.49,261317.72
873436.44,4927.93,261890.04,261918.22
875437.44,4936.94,262490.59,262518.72
877438.44,4945.95,263091.14,263119.22
879439.44,4954.95,263691.69,263719.72
881440.44,4963.96,264292.24,264320.22
883441.44,4972.97,264892.79,264920.72
885442.44,4981.98,265493.34,265521.22
887443.44,4990.99,266093.89,266121.72
889444.44,5000.0,266694.44,266722.22
891445.45,5009.01,267294.99,267322.72
893446.45,5018.02,267895.55,267923.22
895447.45,5027.03,268496.1,268523.72
897448.45,5036.04,269096.65,269124.22
899449.45,5045.05,269697.2,269724.72
901450.45,5054.05,270297.75,270325.23
903451.45,5063.06,270898.3,270925.73
905452.45,5072.07,271498.85,271526.23
907453.45,5081.08,272099.4,272126.73
909454.45,5090.09,272699.95,272727.23
911455.46,5099.1,273300.5,273327.73
913456.46,5108.11,273901.05,273928.23
915457.46,5117.12,274501.6,274528.73
917458.46,5126.13,275102.15,275129.23
919459.46,5135.14,275702.7,275729.73
921460.46,5144.14,276303.25,276330.23
923461.46,5153.15,276903.8,276930.73
925462.46,5162.16,277504.35,277531.23
927463.46,5171.17,278104.9,278131.73
929464.46,5180.18,278705.46,278732.23
931465.47,5189.19,279306.01,279332.73
933466.47,5198.2,279906.56,279933.23
935467.47,5207.21,280507.11,280533.73
937468.47,5216.22,281107.66,281134.23
939469.47,5225.23,281708.21,281734.73
941470.47,5234.23,282308.76,282335.24
943471.47,5243.24,282909.31,282935.74
945472.47,5252.25,283509.86,283536.24
947473.47,5261.26,284110.41,284136.74
949474.47,5270.27,284710.96,284737.24
951475.48,5279.28,285311.51,285337.74
953476.48,5288.29,285912.06,285938.24
955477.48,5297.3,286512.61,286538.74
957478.48,5306.31,287113.16,287139.24
959479.48,5315.32,287713.71,287739.74
961480.48,5324.32,288314.26,288340.24
963481.48,5333.33,288914.81,288940.74
965482.48,5342.34,289515.37,289541.24
967483.48,5351.35,290115.92,290141.74
969484.48,5360.36,290716.47,290742.24
971485.49,5369.37,291317.02,291342.74
973486.49,5378.38,291917.57,291943.24
975487.49,5387.39,292518.12,292543.74
977488.49,5396.4,293118.67,293144.24
979489.49,5405.41,293719.22,293744.74
981490.49,5414.41,294319.77,294345.25
983491.49,5423.42,294920.32,294945.75
985492.49,5432.43,295520.87,295546.25
987493.49,5441.44,296121.42,296146.75
989494.49,5450.45,296721.97,296747.25
991495.5,5459.46,297322.52,297347.75
993496.5,5468.47,297923.07,297948.25
995497.5,5477.48,298523.62,298548.75
997498.5,5486.49,299124.17,299149.25
999499.5,5495.5,299724.72,299749.75
1001500.5,5504.5,300325.28,300350.25
1003501.5,5513.51,300925.83,300950.75
1005502.5,5522.52,301526.38,301551.25
1007503.5,5531.53,302126.93,302151.75
1009504.5,5540.54,302727.48,302752.25
1011505.51,5549.55,303328.03,303352.75
1013506.51,5558.56,303928.58,303953.25
1015507.51,5567.57,304529.13,304553.75
1017508.51,5576.58,305129.68,305154.25
1019509.51,5585.59,305730.23,305754.75
1021510.51,5594.59,306330.78,306355.26
1023511.51,5603.6,306931.33,306955.76
1025512.51,5612.61,307531.88,307556.26
1027513.51,5621.62,308132.43,308156.76
1029514.51,5630.63,308732.98,308757.26
1031515.52,5639.64,309333.53,309357.76
1033516.52,5648.65,309934.08,309958.26
1035517.52,5657.66,310534.63,310558.76
1037518.52,5666.67,311135.19,311159.26
1039519.52,5675.68,311735.74,311759.76
1041520.52,5684.68,312336.29,312360.26
1043521.52,5693.69,312936.84,312960.76
1045522.52,5702.7,313537.39,313561.26
1047523.52,5711.71,314137.94,314161.76
1049524.52,5720.72,314738.49,314762.26
1051525.53,5729.73,315339.04,315362.76
1053526.53,5738.74,315939.59,315963.26
1055527.53,5747.75,316540.14,316563.76
1057528.53,5756.76,317140.69,317164.26
1059529.53,5765.77,317741.24,317764.76
1061530.53,5774.77,318341.79,318365.27
1063531.53,5783.78,318942.34,318965.77
1065532.53,5792.79,319542.89,319566.27
1067533.53,5801.8,320143.44,320166.77
1069534.53,5810.81,320743.99,320767.27
1071535.54,5819.82,321344.54,321367.77
1073536.54,5828.83,321945.1,321968.27
1075537.54,5837.84,322545.65,322568.77
1077538.54,5846.85,323146.2,323169.27
1079539.54,5855.86,323746.75,323769.77
1081540.54,5864.86,324347.3,324370.27
1083541.54,5873.87,324947.85,324970.77
1085542.54,5882.88,325548.4,325571.27
1087543.54,5891.89,326148.95,326171.77
1089544.54,5900.9,326749.5,326772.27
1091545.55,5909.91,327350.05,327372.77
1093546.55,5918.92,327950.6,327973.27
1095547.55,5927.93,328551.15,328573.77
1097548.55,5936.94,329151.7,329174.27
1099549.55,5945.95,329752.25,329774.77
1101550.55,5954.95,330352.8,330375.28
1103551.55,5963.96,330953.35,330975.78
1105552.55,5972.97,331553.9,331576.28
1107553.55,5981.98,332154.45,332176.78
1109554.55,5990.99,332755.01,332777.28
1111555.56,6000.0,333355.56,333377.78
1113556.56,6009.01,333956.11,333978.28
1115557.56,6018.02,334556.66,334578.78
1117558.56,6027.03,335157.21,335179.28
1119559.56,6036.04,335757.76,335779.78
1121560.56,6045.05,336358.31,336380.28
1123561.56,6054.05,336958.86,336980.78
1125562.56,6063.06,337559.41,337581.28
1127563.56,6072.07,338159.96,338181.78
1129564.56,6081.08,338760.51,338782.28
1131565.57,6090.09,339361.06,339382.78
1133566.57,6099.1,339961.61,339983.28
1135567.57,6108.11,340562.16,340583.78
1137568.57,6117.12,341162.71,341184.28
1139569.57,6126.13,341763.26,341784.78
1141570.57,6135.14,342363.81,342385.29
1143571.57,6144.14,342964.36,342985.79
1145572.57,6153.15,343564.91,343586.29
1147573.57,6162.16,344165.47,344186.79
1149574.57,6171.17,344766.02,344787.29
1151575.58,6180.18,345366.57,345387.79
1153576.58,6189.19,345967.12,345988.29
1155577.58,6198.2,346567.67,346588.79
1157578.58,6207.21,347168.22,347189.29
1159579.58,6216.22,347768.77,347789.79
1161580.58,6225.23,348369.32,348390.29
1163581.58,6234.23,348969.87,348990.79
1165582.58,6243.24,349570.42,349591.29
1167583.58,6252.25,350170.97,350191.79
1169584.58,6261.26,350771.52,350792.29
1171585.59,6270.27,351372.07,351392.79
1173586.59,6279.28,351972.62,351993.29
1175587.59,6288.29,352573.17,352593.79
1177588.59,6297.3,353173.72,353194.29
1179589.59,6306.31,353774.27,353794.79
1181590.59,6315.32,354374.82,354395.3
1183591.59,6324.32,354975.38,354995.8
1185592.59,6333.33,355575.93,355596.3
1187593.59,6342.34,356176.48,356196.8
1189594.59,6351.35,356777.03,356797.3
1191595.6,6360.36,357377.58,357397.8
1193596.6,6369.37,357978.13,357998.3
1195597.6,6378.38,358578.68,358598.8
1197598.6,6387.39,359179.23,359199.3
1199599.6,6396.4,359779.78,359799.8
1201600.6,6405.41,360380.33,360400.3
1203601.6,6414.41,360980.88,361000.8
1205602.6,6423.42,361581.43,361601.3
1207603.6,6432.43,362181.98,362201.8
1209604.6,6441.44,362782.53,362802.3
1211605.61,6450.45,363383.08,363402.8
1213606.61,6459.46,363983.63,364003.3
1215607.61,6468.47,364584.18,364603.8
1217608.61,6477.48,365184.73,365204.3
1219609.61,6486.49,365785.29,365804.8
1221610.61,6495.5,366385.84,366405.31
1223611.61,6504.5,366986.39,367005.81
1225612.61,6513.51,367586.94,367606.31
1227613.61,6522.52,368187.49,368206.81
1229614.61,6531.53,368788.04,368807.31
1231615.62,6540.54,369388.59,369407.81
1233616.62,6549.55,369989.14,370008.31
1235617.62,6558.56,370589.69,370608.81
1237618.62,6567.57,371190.24,371209.31
1239619.62,6576.58,371790.79,371809.81
1241620.62,6585.59,372391.34,372410.31
1243621.62,6594.59,372991.89,373010.81
1245622.62,6603.6,373592.44,373611.31
1247623.62,6612.61,374192.99,374211.81
1249624.62,6621.62,374793.54,374812.31
1251625.63,6630.63,375394.09,375412.81
1253626.63,6639.64,375994.64,376013.31
1255627.63,6648.65,376595.2,376613.81
1257628.63,6657.66,377195.75,377214.31
1259629.63,6666.67,377796.3,377814.81
1261630.63,6675.68,378396.85,378415.32
1263631.63,6684.68,378997.4,379015.82
1265632.63,6693.69,379597.95,379616.32
1267633.63,6702.7,380198.5,380216.82
1269634.63,6711.71,380799.05,380817.32
1271635.64,6720.72,381399.6,381417.82
1273636.64,6729.73,382000.15,382018.32
1275637.64,6738.74,382600.7,382618.82
1277638.64,6747.75,383201.25,383219.32
1279639.64,6756.76,383801.8,383819.82
1281640.64,6765.77,384402.35,384420.32
1283641.64,6774.77,385002.9,385020.82
1285642.64,6783.78,385603.45,385621.32
1287643.64,6792.79,386204.0,386221.82
1289644.64,6801.8,386804.55,386822.32
1291645.65,6810.81,387405.11,387422.82
1293646.65,6819.82,388005.66,388023.32
1295647.65,6828.83,388606.21,388623.82
1297648.65,6837.84,389206.76,389224.32
1299649.65,6846.85,389807.31,389824.82
1301650.65,6855.86,390407.86,390425.33
1303651.65,6864.86,391008.41,391025.83
1305652.65,6873.87,391608.96,391626.33
1307653.65,6882.88,392209.51,392226.83
1309654.65,6891.89,392810.06,392827.33
1311655.66,6900.9,393410.61,393427.83
1313656.66,6909.91,394011.16,394028.33
1315657.66,6918.92,394611.71,394628.83
1317658.66,6927.93,395212.26,395229.33
1319659.66,6936.94,395812.81,395829.83
1321660.66,6945.95,396413.36,396430.33
1323661.66,6954.95,397013.91,397030.83
1325662.66,6963.96,397614.46,397631.33
1327663.66,6972.97,398215.02,398231.83
1329664.66,6981.98,398815.57,398832.33
1331665.67,6990.99,399416.12,399432.83
1333666.67,7000.0,400016.67,400033.33
1335667.67,7009.01,400617.22,400633.83
1337668.67,7018.02,401217.77,401234.33
1339669.67,7027.03,401818.32,401834.83
1341670.67,7036.04,402418.87,402435.34
1343671.67,7045.05,403019.42,403035.84
1345672.67,7054.05,403619.97,403636.34
1347673.67,7063.06,404220.52,404236.84
1349674.67,7072.07,404821.07,404837.34
1351675.68,7081.08,405421.62,405437.84
1353676.68,7090.09,406022.17,406038.34
1355677.68,7099.1,406622.72,406638.84
1357678.68,7108.11,407223.27,407239.34
1359679.68,7117.12,407823.82,407839.84
1361680.68,7126.13,408424.37,408440.34
1363681.68,7135.14,409024.92,409040.84
1365682.68,7144.14,409625.48,409641.34
1367683.68,7153.15,410226.03,410241.84
1369684.68,7162.16,410826.58,410842.34
1371685.69,7171.17,411427.13,411442.84
1373686.69,7180.18,412027.68,412043.34
1375687.69,7189.19,412628.23,412643.84
1377688.69,7198.2,413228.78,413244.34
1379689.69,7207.21,413829.33,413844.84
1381690.69,7216.22,414429.88,414445.35
1383691.69,7225.23,415030.43,415045.85
1385692.69,7234.23,415630.98,415646.35
1387693.69,7243.24,416231.53,416246.85
1389694.69,7252.25,416832.08,416847.35
1391695.7,7261.26,417432.63,417447.85
1393696.7,7270.27,418033.18,418048.35
1395697.7,7279.28,418633.73,418648.85
1397698.7,7288.29,419234.28,419249.35
1399699.7,7297.3,419834.83,419849.85
1401700.7,7306.31,420435.39,420450.35
1403701.7,7315.32,421035.94,421050.85
1405702.7,7324.32,421636.49,421651.35
1407703.7,7333.33,422237.04,422251.85
1409704.7,7342.34,422837.59,422852.35
1411705.71,7351.35,423438.14,423452.85
1413706.71,7360.36,424038.69,424053.35
1415707.71,7369.37,424639.24,424653.85
1417708.71,7378.38,425239.79,425254.35
1419709.71,7387.39,425840.34,425854.85
1421710.71,7396.4,426440.89,426455.36
1423711.71,7405.41,427041.44,427055.86
1425712.71,7414.41,427641.99,427656.36
1427713.71,7423.42,428242.54,428256.86
1429714.71,7432.43,428843.09,428857.36
1431715.72,7441.44,429443.64,429457.86
1433716.72,7450.45,430044.19,430058.36
1435717.72,7459.46,430644.74,430658.86
1437718.72,7468.47,431245.3,431259.36
1439719.72,7477.48,431845.85,431859.86
1441720.72,7486.49,432446.4,432460.36
1443721.72,7495.5,433046.95,433060.86
1445722.72,7504.5,433647.5,433661.36
1447723.72,7513.51,434248.05,434261.86
1449724.72,7522.52,434848.6,434862.36
1451725.73,7531.53,435449.15,435462.86
1453726.73,7540.54,436049.7,436063.36
1455727.73,7549.55,436650.25,436663.86
1457728.73,7558.56,437250.8,437264.36
1459729.73,7567.57,437851.35,437864.86
1461730.73,7576.58,438451.9,438465.37
1463731.73,7585.59,439052.45,439065.87
1465732.73,7594.59,439653.0,439666.37
1467733.73,7603.6,440253.55,440266.87
1469734.73,7612.61,440854.1,440867.37
1471735.74,7621.62,441454.65,441467.87
1473736.74,7630.63,442055.21,442068.37
1475737.74,7639.64,442655.76,442668.87
1477738.74,7648.65,443256.31,443269.37
1479739.74,7657.66,443856.86,443869.87
1481740.74,7666.67,444457.41,444470.37
1483741.74,7675.68,445057.96,445070.87
1485742.74,7684.68,445658.51,445671.37
1487743.74,7693.69,446259.06,446271.87
1489744.74,7702.7,446859.61,446872.37
1491745.75,7711.71,447460.16,447472.87
1493746.75,7720.72,448060.71,448073.37
1495747.75,7729.73,448661.26,448673.87
1497748.75,7738.74,449261.81,449274.37
1499749.75,7747.75,449862.36,449874.87
1501750.75,7756.76,450462.91,450475.38
1503751.75,7765.77,451063.46,451075.88
1505752.75,7774.77,451664.01,451676.38
1507753.75,7783.78,452264.56,452276.88
1509754.75,7792.79,452865.12,452877.38
1511755.76,7801.8,453465.67,453477.88
1513756.76,7810.81,454066.22,454078.38
1515757.76,7819.82,454666.77,454678.88
1517758.76,7828.83,455267.32,455279.38
1519759.76,7837.84,455867.87,455879.88
1521760.76,7846.85,456468.42,456480.38
1523761.76,7855.86,457068.97,457080.88
1525762.76,7864.86,457669.52,457681.38
1527763.76,7873.87,458270.07,458281.88
1529764.76,7882.88,458870.62,458882.38
1531765.77,7891.89,459471.17,459482.88
1533766.77,7900.9,460071.72,460083.38
1535767.77,7909.91,460672.27,460683.88
1537768.77,7918.92,461272.82,461284.38
1539769.77,7927.93,461873.37,461884.88
1541770.77,7936.94,462473.92,462485.39
1543771.77,7945.95,463074.47,463085.89
1545772.77,7954.95,463675.03,463686.39
1547773.77,7963.96,464275.58,464286.89
1549774.77,7972.97,464876.13,464887.39
1551775.78,7981.98,465476.68,465487.89
1553776.78,7990.99,466077.23,466088.39
1555777.78,8000.0,466677.78,466688.89
1557778.78,8009.01,467278.33,467289.39
1559779.78,8018.02,467878.88,467889.89
1561780.78,8027.03,468479.43,468490.39
1563781.78,8036.04,469079.98,469090.89
1565782.78,8045.05,469680.53,469691.39
1567783.78,8054.05,470281.08,470291.89
1569784.78,8063.06,470881.63,470892.39
1571785.79,8072.07,471482.18,471492.89
1573786.79,8081.08,472082.73,472093.39
1575787.79,8090.09,472683.28,472693.89
1577788.79,8099.1,473283.83,473294.39
1579789.79,8108.11,473884.38,473894.89
1581790.79,8117.12,474484.93,474495.4
1583791.79,8126.13,475085.49,475095.9
1585792.79,8135.14,475686.04,475696.4
1587793.79,8144.14,476286.59,476296.9
1589794.79,8153.15,476887.14,476897.4
1591795.8,8162.16,477487.69,477497.9
1593796.8,8171.17,478088.24,478098.4
1595797.8,8180.18,478688.79,478698.9
1597798.8,8189.19,479289.34,479299.4
1599799.8,8198.2,479889.89,479899.9
1601800.8,8207.21,480490.44,480500.4
1603801.8,8216.22,481090.99,481100.9
1605802.8,8225.23,481691.54,481701.4
1607803.8,8234.23,482292.09,482301.9
1609804.8,8243.24,482892.64,482902.4
1611805.81,8252.25,483493.19,483502.9
1613806.81,8261.26,484093.74,484103.4
1615807.81,8270.27,484694.29,484703.9
1617808.81,8279.28,485294.84,485304.4
1619809.81,8288.29,485895.4,485904.9
1621810.81,8297.3,486495.95,486505.41
1623811.81,8306.31,487096.5,487105.91
1625812.81,8315.32,487697.05,487706.41
1627813.81,8324.32,488297.6,488306.91
1629814.81,8333.33,488898.15,488907.41
1631815.82,8342.34,489498.7,489507.91
1633816.82,8351.35,490099.25,490108.41
1635817.82,8360.36,490699.8,490708.91
1637818.82,8369.37,491300.35,491309.41
1639819.82,8378.38,491900.9,491909.91
1641820.82,8387.39,492501.45,492510.41
1643821.82,8396.4,493102.0,493110.91
1645822.82,8405.41,493702.55,493711.41
1647823.82,8414.41,494303.1,494311.91
1649824.82,8423.42,494903.65,494912.41
1651825.83,8432.43,495504.2,495512.91
1653826.83,8441.44,496104.75,496113.41
1655827.83,8450.45,496705.31,496713.91
1657828.83,8459.46,497305.86,497314.41
1659829.83,8468.47,497906.41,497914.91
1661830.83,8477.48,498506.96,498515.42
1663831.83,8486.49,499107.51,499115.92
1665832.83,8495.5,499708.06,499716.42
1667833.83,8504.5,500308.61,500316.92
1669834.83,8513.51,500909.16,500917.42
1671835.84,8522.52,501509.71,501517.92
1673836.84,8531.53,502110.26,502118.42
1675837.84,8540.54,502710.81,502718.92
1677838.84,8549.55,503311.36,503319.42
1679839.84,8558.56,503911.91,503919.92
1681840.84,8567.57,504512.46,504520.42
1683841.84,8576.58,505113.01,505120.92
1685842.84,8585.59,505713.56,505721.42
1687843.84,8594.59,506314.11,506321.92
1689844.84,8603.6,506914.66,506922.42
1691845.85,8612.61,507515.22,507522.92
1693846.85,8621.62,508115.77,508123.42
1695847.85,8630.63,508716.32,508723.92
1697848.85,8639.64,509316.87,509324.42
1699849.85,8648.65,509917.42,509924.92
1701850.85,8657.66,510517.97,510525.43
1703851.85,8666.67,511118.52,511125.93
1705852.85,8675.68,511719.07,511726.43
1707853.85,8684.68,512319.62,512326.93
1709854.85,8693.69,512920.17,512927.43
1711855.86,8702.7,513520.72,513527.93
1713856.86,8711.71,514121.27,514128.43
1715857.86,8720.72,514721.82,514728.93
1717858.86,8729.73,515322.37,515329.43
1719859.86,8738.74,515922.92,515929.93
1721860.86,8747.75,516523.47,516530.43
1723861.86,8756.76,517124.02,517130.93
1725862.86,8765.77,517724.57,517731.43
1727863.86,8774.77,518325.13,518331.93
1729864.86,8783.78,518925.68,518932.43
1731865.87,8792.79,519526.23,519532.93
1733866.87,8801.8,520126.78,520133.43
1735867.87,8810.81,520727.33,520733.93
1737868.87,8819.82,521327.88,521334.43
1739869.87,8828.83,521928.43,521934.93
1741870.87,8837.84,522528.98,522535.44
1743871.87,8846.85,523129.53,523135.94
1745872.87,8855.86,523730.08,523736.44
1747873.87,8864.86,524330.63,524336.94
1749874.87,8873.87,524931.18,524937.44
1751875.88,8882.88,525531.73,525537.94
1753876.88,8891.89,526132.28,526138.44
1755877.88,8900.9,526732.83,526738.94
1757878.88,8909.91,527333.38,527339.44
1759879.88,8918.92,527933.93,527939.94
1761880.88,8927.93,528534.48,528540.44
1763881.88,8936.94,529135.04,529140.94
1765882.88,8945.95,529735.59,529741.44
1767883.88,8954.95,530336.14,530341.94
1769884.88,8963.96,530936.69,530942.44
1771885.89,8972.97,531537.24,531542.94
1773886.89,8981.98,532137.79,532143.44
1775887.89,8990.99,532738.34,532743.94
1777888.89,9000.0,533338.89,533344.44
1779889.89,9009.01,533939.44,533944.94
1781890.89,9018.02,534539.99,534545.45
1783891.89,9027.03,535140.54,535145.95
1785892.89,9036.04,535741.09,535746.45
1787893.89,9045.05,536341.64,536346.95
1789894.89,9054.05,536942.19,536947.45
1791895.9,9063.06,537542.74,537547.95
1793896.9,9072.07,538143.29,538148.45
1795897.9,9081.08,538743.84,538748.95
1797898.9,9090.09,539344.39,539349.45
1799899.9,9099.1,539944.94,539949.95
1801900.9,9108.11,540545.5,540550.45
1803901.9,9117.12,541146.05,541150.95
1805902.9,9126.13,541746.6,541751.45
1807903.9,9135.14,542347.15,542351.95
1809904.9,9144.14,542947.7,542952.45
1811905.91,9153.15,543548.25,543552.95
1813906.91,9162.16,544148.8,544153.45
1815907.91,9171.17,544749.35,544753.95
1817908.91,9180.18,545349.9,545354.45
1819909.91,9189.19,545950.45,545954.95
1821910.91,9198.2,546551.0,546555.46
1823911.91,9207.21,547151.55,547155.96
1825912.91,9216.22,547752.1,547756.46
1827913.91,9225.23,548352.65,548356.96
1829914.91,9234.23,548953.2,548957.46
1831915.92,9243.24,549553.75,549557.96
1833916.92,9252.25,550154.3,550158.46
1835917.92,9261.26,550754.85,550758.96
1837918.92,9270.27,551355.41,551359.46
1839919.92,9279.28,551955.96,551959.96
1841920.92,9288.29,552556.51,552560.46
1843921.92,9297.3,553157.06,553160.96
1845922.92,9306.31,553757.61,553761.46
1847923.92,9315.32,554358.16,554361.96
1849924.92,9324.32,554958.71,554962.46
1851925.93,9333.33,555559.26,555562.96
1853926.93,9342.34,556159.81,556163.46
1855927.93,9351.35,556760.36,556763.96
1857928.93,9360.36,557360.91,557364.46
1859929.93,9369.37,557961.46,557964.96
1861930.93,9378.38,558562.01,558565.47
1863931.93,9387.39,559162.56,559165.97
1865932.93,9396.4,559763.11,559766.47
1867933.93,9405.41,560363.66,560366.97
1869934.93,9414.41,560964.21,560967.47
1871935.94,9423.42,561564.76,561567.97
1873936.94,9432.43,562165.32,562168.47
1875937.94,9441.44,562765.87,562768.97
1877938.94,9450.45,563366.42,563369.47
1879939.94,9459.46,563966.97,563969.97
1881940.94,9468.47,564567.52,564570.47
1883941.94,9477.48,565168.07,565170.97
1885942.94,9486.49,565768.62,565771.47
1887943.94,9495.5,566369.17,566371.97
1889944.94,9504.5,566969.72,566972.47
1891945.95,9513.51,567570.27,567572.97
1893946.95,9522.52,568170.82,568173.47
1895947.95,9531.53,568771.37,568773.97
1897948.95,9540.54,569371.92,569374.47
1899949.95,9549.55,569972.47,569974.97
1901950.95,9558.56,570573.02,570575.48
1903951.95,9567.57,571173.57,571175.98
1905952.95,9576.58,571774.12,571776.48
1907953.95,9585.59,572374.67,572376.98
1909954.95,9594.59,572975.23,572977.48
1911955.96,9603.6,573575.78,573577.98
1913956.96,9612.61,574176.33,574178.48
1915957.96,9621.62,574776.88,574778.98
1917958.96,9630.63,575377.43,575379.48
1919959.96,9639.64,575977.98,575979.98
1921960.96,9648.65,576578.53,576580.48
1923961.96,9657.66,577179.08,577180.98
1925962.96,9666.67,577779.63,577781.48
1927963.96,9675.68,578380.18,578381.98
1929964.96,9684.68,578980.73,578982.48
1931965.97,9693.69,579581.28,579582.98
1933966.97,9702.7,580181.83,580183.48
1935967.97,9711.71,580782.38,580783.98
1937968.97,9720.72,581382.93,581384.48
1939969.97,9729.73,581983.48,581984.98
1941970.97,9738.74,582584.03,582585.49
1943971.97,9747.75,583184.58,583185.99
1945972.97,9756.76,583785.14,583786.49
1947973.97,9765.77,584385.69,584386.99
1949974.97,9774.77,584986.24,584987.49
1951975.98,9783.78,585586.79,585587.99
1953976.98,9792.79,586187.34,586188.49
1955977.98,9801.8,586787.89,586788.99
1957978.98,9810.81,587388.44,587389.49
1959979.98,9819.82,587988.99,587989.99
1961980.98,9828.83,588589.54,588590.49
1963981.98,9837.84,589190.09,589190.99
1965982.98,9846.85,589790.64,589791.49
1967983.98,9855.86,590391.19,590391.99
1969984.98,9864.86,590991.74,590992.49
1971985.99,9873.87,591592.29,591592.99
1973986.99,9882.88,592192.84,592193.49
1975987.99,9891.89,592793.39,592793.99
1977988.99,9900.9,593393.94,593394.49
1979989.99,9909.91,593994.49,593994.99
1981990.99,9918.92,594595.05,594595.5
1983991.99,9927.93,595195.6,595196.0
1985992.99,9936.94,595796.15,595796.5
1987993.99,9945.95,596396.7,596397.0
1989994.99,9954.95,596997.25,596997.5
1991996.0,9963.96,597597.8,597598.0
1993997.0,9972.97,598198.35,598198.5
1995998.0,9981.98,598798.9,598799.0
1997999.0,9990.99,599399.45,599399.5
2000000.0,10000.0,600000.0,600000.0
