1000.0,1000.0,300.0,100.0
3001.0,3001.0,1701.1,700.5
5002.0,5002.0,3102.2,1301.0
7003.0,7003.0,4503.3,1901.5
9004.0,9004.0,5904.4,2502.0
11005.01,11005.01,7305.51,3102.5
13006.01,13006.01,8706.61,3703.0
15007.01,15007.01,10107.71,4303.5
17008.01,17008.01,11508.81,4904.0
19009.01,19009.01,12909.91,5504.5
21010.01,21010.01,14311.01,6105.01
23011.01,23011.01,15712.11,6705.51
25012.01,25012.01,17113.21,7306.01
27013.01,27013.01,18514.31,7906.51
29014.01,29014.01,19915.42,8507.01
31015.02,31015.02,21316.52,9107.51
33016.02,33016.02,22717.62,9708.01
35017.02,35017.02,24118.72,10308.51
37018.02,37018.02,25519.82,10909.01
39019.02,39019.02,26920.92,11509.51
41020.02,41020.02,28322.02,12110.01
43021.02,43021.02,29723.12,12710.51
45022.02,45022.02,31124.22,13311.01
47023.02,47023.02,32525.33,13911.51
49024.02,49024.02,33926.43,14512.01
51025.03,51025.03,35327.53,15112.51
53026.03,53026.03,36728.63,15713.01
55027.03,55027.03,38129.73,16313.51
57028.03,57028.03,39530.83,16914.01
59029.03,59029.03,40931.93,17514.51
61030.03,61030.03,42333.03,18115.02
63031.03,63031.03,43734.13,18715.52
65032.03,65032.03,45135.24,19316.02
67033.03,67033.03,46536.34,19916.52
69034.03,69034.03,47937.44,20517.02
71035.04,71035.04,49338.54,21117.52
73036.04,73036.04,50739.64,21718.02
75037.04,75037.04,52140.74,22318.52
77038.04,77038.04,53541.84,22919.02
79039.04,79039.04,54942.94,23519.52
81040.04,81040.04,56344.04,24120.02
83041.04,83041.04,57745.15,24720.52
85042.04,85042.04,59146.25,25321.02
87043.04,87043.04,60547.35,25921.52
89044.04,89044.04,61948.45,26522.02
91045.05,91045.05,63349.55,27122.52
93046.05,93046.05,64750.65,27723.02
95047.05,95047.05,66151.75,28323.52
97048.05,97048.05,67552.85,28924.02
99049.05,99049.05,68953.95,29524.52
101050.05,101050.05,70355.06,30125.03
103051.05,103051.05,71756.16,30725.53
105052.05,105052.05,73157.26,31326.03
107053.05,107053.05,74558.36,31926.53
109054.05,109054.05,75959.46,32527.03
111055.06,111055.06,77360.56,33127.53
113056.06,113056.06,78761.66,33728.03
115057.06,115057.06,80162.76,34328.53
117058.06,117058.06,81563.86,34929.03
119059.06,119059.06,82964.96,35529.53
121060.06,121060.06,84366.07,36130.03
123061.06,123061.06,85767.17,36730.53
125062.06,125062.06,87168.27,37331.03
127063.06,127063.06,88569.37,37931.53
129064.06,129064.06,89970.47,38532.03
131065.07,131065.07,91371.57,39132.53
133066.07,133066.07,92772.67,39733.03
135067.07,135067.07,94173.77,40333.53
137068.07,137068.07,95574.87,40934.03
139069.07,139069.07,96975.98,41534.53
141070.07,141070.07,98377.08,42135.04
143071.07,143071.07,99778.18,42735.54
145072.07,145072.07,101179.28,43336.04
147073.07,147073.07,102580.38,43936.54
149074.07,149074.07,103981.48,44537.04
151075.08,151075.08,105382.58,45137.54
153076.08,153076.08,106783.68,45738.04
155077.08,155077.08,108184.78,46338.54
157078.08,157078.08,109585.89,46939.04
159079.08,159079.08,110986.99,47539.54
161080.08,161080.08,112388.09,48140.04
163081.08,163081.08,113789.19,48740.54
165082.08,165082.08,115190.29,49341.04
167083.08,167083.08,116591.39,49941.54
169084.08,169084.08,117992.49,50542.04
171085.09,171085.09,119393.59,51142.54
173086.09,173086.09,120794.69,51743.04
175087.09,175087.09,122195.8,52343.54
177088.09,177088.09,123596.9,52944.04
179089.09,179089.09,124998.0,53544.54
181090.09,181090.09,126399.1,54145.05
183091.09,183091.09,127800.2,54745.55
185092.09,185092.09,129201.3,55346.05
187093.09,187093.09,130602.4,55946.55
189094.09,189094.09,132003.5,56547.05
191095.1,191095.1,133404.6,57147.55
193096.1,193096.1,134805.71,57748.05
195097.1,195097.1,136206.81,58348.55
197098.1,197098.1,137607.91,58949.05
199099.1,199099.1,139009.01,59549.55
201100.1,201100.1,140410.11,60150.05
203101.1,203101.1,141811.21,60750.55
205102.1,205102.1,143212.31,61351.05
207103.1,207103.1,144613.41,61951.55
209104.1,209104.1,146014.51,62552.05
211105.11,211105.11,147415.62,63152.55
213106.11,213106.11,148816.72,63753.05
215107.11,215107.11,150217.82,64353.55
217108.11,217108.11,151618.92,64954.05
219109.11,219109.11,153020.02,65554.55
221110.11,221110.11,154421.12,66155.06
223111.11,223111.11,155822.22,66755.56
225112.11,225112.11,157223.32,67356.06
227113.11,227113.11,158624.42,67956.56
229114.11,229114.11,160025.53,68557.06
231115.12,231115.12,161426.63,69157.56
233116.12,233116.12,162827.73,69758.06
235117.12,235117.12,164228.83,70358.56
237118.12,237118.12,165629.93,70959.06
239119.12,239119.12,167031.03,71559.56
241120.12,241120.12,168432.13,72160.06
243121.12,243121.12,169833.23,72760.56
245122.12,245122.12,171234.33,73361.06
247123.12,247123.12,172635.44,73961.56
249124.12,249124.12,174036.54,74562.06
251125.13,251125.13,175437.64,75162.56
253126.13,253126.13,176838.74,75763.06
255127.13,255127.13,178239.84,76363.56
257128.13,257128.13,179640.94,76964.06
259129.13,259129.13,181042.04,77564.56
261130.13,261130.13,182443.14,78165.07
263131.13,263131.13,183844.24,78765.57
265132.13,265132.13,185245.35,79366.07
267133.13,267133.13,186646.45,79966.57
269134.13,269134.13,188047.55,80567.07
271135.14,271135.14,189448.65,81167.57
273136.14,273136.14,190849.75,81768.07
275137.14,275137.14,192250.85,82368.57
277138.14,277138.14,193651.95,82969.07
279139.14,279139.14,195053.05,83569.57
281140.14,281140.14,196454.15,84170.07
283141.14,283141.14,197855.26,84770.57
285142.14,285142.14,199256.36,85371.07
287143.14,287143.14,200657.46,85971.57
289144.14,289144.14,202058.56,86572.07
291145.15,291145.15,203459.66,87172.57
293146.15,293146.15,204860.76,87773.07
295147.15,295147.15,206261.86,88373.57
297148.15,297148.15,207662.96,88974.07
299149.15,299149.15,209064.06,89574.57
301150.15,301150.15,210465.17,90175.08
303151.15,303151.15,211866.27,90775.58
305152.15,305152.15,213267.37,91376.08
307153.15,307153.15,214668.47,91976.58
309154.15,309154.15,216069.57,92577.08
311155.16,311155.16,217470.67,93177.58
313156.16,313156.16,218871.77,93778.08
315157.16,315157.16,220272.87,94378.58
317158.16,317158.16,221673.97,94979.08
319159.16,319159.16,223075.08,95579.58
321160.16,321160.16,224476.18,96180.08
323161.16,323161.16,225877.28,96780.58
325162.16,325162.16,227278.38,97381.08
327163.16,327163.16,228679.48,97981.58
329164.16,329164.16,230080.58,98582.08
331165.17,331165.17,231481.68,99182.58
333166.17,333166.17,232882.78,99783.08
335167.17,335167.17,234283.88,100383.58
337168.17,337168.17,235684.98,100984.08
339169.17,339169.17,237086.09,101584.58
341170.17,341170.17,238487.19,102185.09
343171.17,343171.17,239888.29,102785.59
345172.17,345172.17,241289.39,103386.09
347173.17,347173.17,242690.49,103986.59
349174.17,349174.17,244091.59,104587.09
351175.18,351175.18,245492.69,105187.59
353176.18,353176.18,246893.79,105788.09
355177.18,355177.18,248294.89,106388.59
357178.18,357178.18,249696.0,106989.09
359179.18,359179.18,251097.1,107589.59
361180.18,361180.18,252498.2,108190.09
363181.18,363181.18,253899.3,108790.59
365182.18,365182.18,255300.4,109391.09
367183.18,367183.18,256701.5,109991.59
369184.18,369184.18,258102.6,110592.09
371185.19,371185.19,259503.7,111192.59
373186.19,373186.19,260904.8,111793.09
375187.19,375187.19,262305.91,112393.59
377188.19,377188.19,263707.01,112994.09
379189.19,379189.19,265108.11,113594.59
381190.19,381190.19,266509.21,114195.1
383191.19,383191.19,267910.31,114795.6
385192.19,385192.19,269311.41,115396.1
387193.19,387193.19,270712.51,115996.6
389194.19,389194.19,272113.61,116597.1
391195.2,391195.2,273514.71,117197.6
393196.2,393196.2,274915.82,117798.1
395197.2,395197.2,276316.92,118398.6
397198.2,397198.2,277718.02,118999.1
399199.2,399199.2,279119.12,119599.6
401200.2,401200.2,280520.22,120200.1
403201.2,403201.2,281921.32,120800.6
405202.2,405202.2,283322.42,121401.1
407203.2,407203.2,284723.52,122001.6
409204.2,409204.2,286124.62,122602.1
411205.21,411205.21,287525.73,123202.6
413206.21,413206.21,288926.83,123803.1
415207.21,415207.21,290327.93,124403.6
417208.21,417208.21,291729.03,125004.1
419209.21,419209.21,293130.13,125604.6
421210.21,421210.21,294531.23,126205.11
423211.21,423211.21,295932.33,126805.61
425212.21,425212.21,297333.43,127406.11
427213.21,427213.21,298734.53,128006.61
429214.21,429214.21,300135.64,128607.11
431215.22,431215.22,301536.74,129207.61
433216.22,433216.22,302937.84,129808.11
435217.22,435217.22,304338.94,130408.61
437218.22,437218.22,305740.04,131009.11
439219.22,439219.22,307141.14,131609.61
441220.22,441220.22,308542.24,132210.11
443221.22,443221.22,309943.34,132810.61
445222.22,445222.22,311344.44,133411.11
447223.22,447223.22,312745.55,134011.61
449224.22,449224.22,314146.65,134612.11
451225.23,451225.23,315547.75,135212.61
453226.23,453226.23,316948.85,135813.11
455227.23,455227.23,318349.95,136413.61
457228.23,457228.23,319751.05,137014.11
459229.23,459229.23,321152.15,137614.61
461230.23,461230.23,322553.25,138215.12
463231.23,463231.23,323954.35,138815.62
465232.23,465232.23,325355.46,139416.12
467233.23,467233.23,326756.56,140016.62
469234.23,469234.23,328157.66,140617.12
471235.24,471235.24,329558.76,141217.62
473236.24,473236.24,330959.86,141818.12
475237.24,475237.24,332360.96,142418.62
477238.24,477238.24,333762.06,143019.12
479239.24,479239.24,335163.16,143619.62
481240.24,481240.24,336564.26,144220.12
483241.24,483241.24,337965.37,144820.62
485242.24,485242.24,339366.47,145421.12
487243.24,487243.24,340767.57,146021.62
489244.24,489244.24,342168.67,146622.12
491245.25,491245.25,343569.77,147222.62
493246.25,493246.25,344970.87,147823.12
495247.25,495247.25,346371.97,148423.62
497248.25,497248.25,347773.07,149024.12
499249.25,499249.25,349174.17,149624.62
501250.25,501250.25,350575.28,150225.13
503251.25,503251.25,351976.38,150825.63
505252.25,505252.25,353377.48,151426.13
507253.25,507253.25,354778.58,152026.63
509254.25,509254.25,356179.68,152627.13
511255.26,511255.26,357580.78,153227.63
513256.26,513256.26,358981.88,153828.13
515257.26,515257.26,360382.98,154428.63
517258.26,517258.26,361784.08,155029.13
519259.26,519259.26,363185.19,155629.63
521260.26,521260.26,364586.29,156230.13
523261.26,523261.26,365987.39,156830.63
525262.26,525262.26,367388.49,157431.13
527263.26,527263.26,368789.59,158031.63
529264.26,529264.26,370190.69,158632.13
531265.27,531265.27,371591.79,159232.63
533266.27,533266.27,372992.89,159833.13
535267.27,535267.27,374393.99,160433.63
537268.27,537268.27,375795.1,161034.13
539269.27,539269.27,377196.2,161634.63
541270.27,541270.27,378597.3,162235.14
543271.27,543271.27,379998.4,162835.64
545272.27,545272.27,381399.5,163436.14
547273.27,547273.27,382800.6,164036.64
549274.27,549274.27,384201.7,164637.14
551275.28,551275.28,385602.8,165237.64
553276.28,553276.28,387003.9,165838.14
555277.28,555277.28,388405.01,166438.64
557278.28,557278.28,389806.11,167039.14
559279.28,559279.28,391207.21,167639.64
561280.28,561280.28,392608.31,168240.14
563281.28,563281.28,394009.41,168840.64
565282.28,565282.28,395410.51,169441.14
567283.28,567283.28,396811.61,170041.64
569284.28,569284.28,398212.71,170642.14
571285.29,571285.29,399613.81,171242.64
573286.29,573286.29,401014.91,171843.14
575287.29,575287.29,402416.02,172443.64
577288.29,577288.29,403817.12,173044.14
579289.29,579289.29,405218.22,173644.64
581290.29,581290.29,406619.32,174245.15
583291.29,583291.29,408020.42,174845.65
585292.29,585292.29,409421.52,175446.15
587293.29,587293.29,410822.62,176046.65
589294.29,589294.29,412223.72,176647.15
591295.3,591295.3,413624.82,177247.65
593296.3,593296.3,415025.93,177848.15
595297.3,595297.3,416427.03,178448.65
597298.3,597298.3,417828.13,179049.15
599299.3,599299.3,419229.23,179649.65
601300.3,601300.3,420630.33,180250.15
603301.3,603301.3,422031.43,180850.65
605302.3,605302.3,423432.53,181451.15
607303.3,607303.3,424833.63,182051.65
609304.3,609304.3,426234.73,182652.15
611305.31,611305.31,427635.84,183252.65
613306.31,613306.31,429036.94,183853.15
615307.31,615307.31,430438.04,184453.65
617308.31,617308.31,431839.14,185054.15
619309.31,619309.31,433240.24,185654.65
621310.31,621310.31,434641.34,186255.16
623311.31,623311.31,436042.44,186855.66
625312.31,625312.31,437443.54,187456.16
627313.31,627313.31,438844.64,188056.66
629314.31,629314.31,440245.75,188657.16
631315.32,631315.32,441646.85,189257.66
633316.32,633316.32,443047.95,189858.16
635317.32,635317.32,444449.05,190458.66
637318.32,637318.32,445850.15,191059.16
639319.32,639319.32,447251.25,191659.66
641320.32,641320.32,448652.35,192260.16
643321.32,643321.32,450053.45,192860.66
645322.32,645322.32,451454.55,193461.16
647323.32,647323.32,452855.66,194061.66
649324.32,649324.32,454256.76,194662.16
651325.33,651325.33,455657.86,195262.66
653326.33,653326.33,457058.96,195863.16
655327.33,655327.33,458460.06,196463.66
657328.33,657328.33,459861.16,197064.16
659329.33,659329.33,461262.26,197664.66
661330.33,661330.33,462663.36,198265.17
663331.33,663331.33,464064.46,198865.67
665332.33,665332.33,465465.57,199466.17
667333.33,667333.33,466866.67,200066.67
669334.33,669334.33,468267.77,200667.17
671335.34,671335.34,469668.87,201267.67
673336.34,673336.34,471069.97,201868.17
675337.34,675337.34,472471.07,202468.67
677338.34,677338.34,473872.17,203069.17
679339.34,679339.34,475273.27,203669.67
681340.34,681340.34,476674.37,204270.17
683341.34,683341.34,478075.48,204870.67
685342.34,685342.34,479476.58,205471.17
687343.34,687343.34,480877.68,206071.67
689344.34,689344.34,482278.78,206672.17
691345.35,691345.35,483679.88,207272.67
693346.35,693346.35,485080.98,207873.17
695347.35,695347.35,486482.08,208473.67
697348.35,697348.35,487883.18,209074.17
699349.35,699349.35,489284.28,209674.67
701350.35,701350.35,490685.39,210275.18
703351.35,703351.35,492086.49,210875.68
705352.35,705352.35,493487.59,211476.18
707353.35,707353.35,494888.69,212076.68
709354.35,709354.35,496289.79,212677.18
711355.36,711355.36,497690.89,213277.68
713356.36,713356.36,499091.99,213878.18
715357.36,715357.36,500493.09,214478.68
717358.36,717358.36,501894.19,215079.18
719359.36,719359.36,503295.3,215679.68
721360.36,721360.36,504696.4,216280.18
723361.36,723361.36,506097.5,216880.68
725362.36,725362.36,507498.6,217481.18
727363.36,727363.36,508899.7,218081.68
729364.36,729364.36,510300.8,218682.18
731365.37,731365.37,511701.9,219282.68
733366.37,733366.37,513103.0,219883.18
735367.37,735367.37,514504.1,220483.68
737368.37,737368.37,515905.21,221084.18
739369.37,739369.37,517306.31,221684.68
741370.37,741370.37,518707.41,222285.19
743371.37,743371.37,520108.51,222885.69
745372.37,745372.37,521509.61,223486.19
747373.37,747373.37,522910.71,224086.69
749374.37,749374.37,524311.81,224687.19
751375.38,751375.38,525712.91,225287.69
753376.38,753376.38,527114.01,225888.19
755377.38,755377.38,528515.12,226488.69
757378.38,757378.38,529916.22,227089.19
759379.38,759379.38,531317.32,227689.69
761380.38,761380.38,532718.42,228290.19
763381.38,763381.38,534119.52,228890.69
765382.38,765382.38,535520.62,229491.19
767383.38,767383.38,536921.72,230091.69
769384.38,769384.38,538322.82,230692.19
771385.39,771385.39,539723.92,231292.69
773386.39,773386.39,541125.03,231893.19
775387.39,775387.39,542526.13,232493.69
777388.39,777388.39,543927.23,233094.19
779389.39,779389.39,545328.33,233694.69
781390.39,781390.39,546729.43,234295.2
783391.39,783391.39,548130.53,234895.7
785392.39,785392.39,549531.63,235496.2
787393.39,787393.39,550932.73,236096.7
789394.39,789394.39,552333.83,236697.2
791395.4,791395.4,553734.93,237297.7
793396.4,793396.4,555136.04,237898.2
795397.4,795397.4,556537.14,238498.7
797398.4,797398.4,557938.24,239099.2
799399.4,799399.4,559339.34,239699.7
801400.4,801400.4,560740.44,240300.2
803401.4,803401.4,562141.54,240900.7
805402.4,805402.4,563542.64,241501.2
807403.4,807403.4,564943.74,242101.7
809404.4,809404.4,566344.84,242702.2
811405.41,811405.41,567745.95,243302.7
813406.41,813406.41,569147.05,243903.2
815407.41,815407.41,570548.15,244503.7
817408.41,817408.41,571949.25,245104.2
819409.41,819409.41,573350.35,245704.7
821410.41,821410.41,574751.45,246305.21
823411.41,823411.41,576152.55,246905.71
825412.41,825412.41,577553.65,247506.21
827413.41,827413.41,578954.75,248106.71
829414.41,829414.41,580355.86,248707.21
831415.42,831415.42,581756.96,249307.71
833416.42,833416.42,583158.06,249908.21
835417.42,835417.42,584559.16,250508.71
837418.42,837418.42,585960.26,251109.21
839419.42,839419.42,587361.36,251709.71
841420.42,841420.42,588762.46,252310.21
843421.42,843421.42,590163.56,252910.71
845422.42,845422.42,591564.66,253511.21
847423.42,847423.42,592965.77,254111.71
849424.42,849424.42,594366.87,254712.21
851425.43,851425.43,595767.97,255312.71
853426.43,853426.43,597169.07,255913.21
855427.43,855427.43,598570.17,256513.71
857428.43,857428.43,599971.27,257114.21
859429.43,859429.43,601372.37,257714.71
861430.43,861430.43,602773.47,258315.22
863431.43,863431.43,604174.57,258915.72
865432.43,865432.43,605575.68,259516.22
867433.43,867433.43,606976.78,260116.72
869434.43,869434.43,608377.88,260717.22
871435.44,871435.44,609778.98,261317.72
873436.44,873436.44,611180.08,261918.22
875437.44,875437.44,612581.18,262518.72
877438.44,877438.44,613982.28,263119.22
879439.44,879439.44,615383.38,263719.72
881440.44,881440.44,616784.48,264320.22
883441.44,883441.44,618185.59,264920.72
885442.44,885442.44,619586.69,265521.22
887443.44,887443.44,620987.79,266121.72
889444.44,889444.44,622388.89,266722.22
891445.45,891445.45,623789.99,267322.72
893446.45,893446.45,625191.09,267923.22
895447.45,895447.45,626592.19,268523.72
897448.45,897448.45,627993.29,269124.22
899449.45,899449.45,629394.39,269724.72
901450.45,901450.45,630795.5,270325.23
903451.45,903451.45,632196.6,270925.73
905452.45,905452.45,633597.7,271526.23
907453.45,907453.45,634998.8,272126.73
909454.45,909454.45,636399.9,272727.23
911455.46,911455.46,637801.0,273327.73
913456.46,913456.46,639202.1,273928.23
915457.46,915457.46,640603.2,274528.73
917458.46,917458.46,642004.3,275129.23
919459.46,919459.46,643405.41,275729.73
921460.46,921460.46,644806.51,276330.23
923461.46,923461.46,646207.61,276930.73
925462.46,925462.46,647608.71,277531.23
927463.46,927463.46,649009.81,278131.73
929464.46,929464.46,650410.91,278732.23
931465.47,931465.47,651812.01,279332.73
933466.47,933466.47,653213.11,279933.23
935467.47,935467.47,654614.21,280533.73
937468.47,937468.47,656015.32,281134.23
939469.47,939469.47,657416.42,281734.73
941470.47,941470.47,658817.52,282335.24
943471.47,943471.47,660218.62,282935.74
945472.47,945472.47,661619.72,283536.24
947473.47,947473.47,663020.82,284136.74
949474.47,949474.47,664421.92,284737.24
951475.48,951475.48,665823.02,285337.74
953476.48,953476.48,667224.12,285938.24
955477.48,955477.48,668625.23,286538.74
957478.48,957478.48,670026.33,287139.24
959479.48,959479.48,671427.43,287739.74
961480.48,961480.48,672828.53,288340.24
963481.48,963481.48,674229.63,288940.74
965482.48,965482.48,675630.73,289541.24
967483.48,967483.48,677031.83,290141.74
969484.48,969484.48,678432.93,290742.24
971485.49,971485.49,679834.03,291342.74
973486.49,973486.49,681235.14,291943.24
975487.49,975487.49,682636.24,292543.74
977488.49,977488.49,684037.34,293144.24
979489.49,979489.49,685438.44,293744.74
981490.49,981490.49,686839.54,294345.25
983491.49,983491.49,688240.64,294945.75
985492.49,985492.49,689641.74,295546.25
987493.49,987493.49,691042.84,296146.75
989494.49,989494.49,692443.94,296747.25
991495.5,991495.5,693845.05,297347.75
993496.5,993496.5,695246.15,297948.25
995497.5,995497.5,696647.25,298548.75
997498.5,997498.5,698048.35,299149.25
999499.5,999499.5,699449.45,299749.75
1001500.5,1001500.5,700850.55,300350.25
1003501.5,1003501.5,702251.65,300950.75
1005502.5,1005502.5,703652.75,301551.25
1007503.5,1007503.5,705053.85,302151.75
1009504.5,1009504.5,706454.95,302752.25
1011505.51,1011505.51,707856.06,303352.75
1013506.51,1013506.51,709257.16,303953.25
1015507.51,1015507.51,710658.26,304553.75
1017508.51,1017508.51,712059.36,305154.25
1019509.51,1019509.51,713460.46,305754.75
1021510.51,1021510.51,714861.56,306355.26
1023511.51,1023511.51,716262.66,306955.76
1025512.51,1025512.51,717663.76,307556.26
1027513.51,1027513.51,719064.86,308156.76
1029514.51,1029514.51,720465.97,308757.26
1031515.52,1031515.52,721867.07,309357.76
1033516.52,1033516.52,723268.17,309958.26
1035517.52,1035517.52,724669.27,310558.76
1037518.52,1037518.52,726070.37,311159.26
1039519.52,1039519.52,727471.47,311759.76
1041520.52,1041520.52,728872.57,312360.26
1043521.52,1043521.52,730273.67,312960.76
1045522.52,1045522.52,731674.77,313561.26
1047523.52,1047523.52,733075.88,314161.76
1049524.52,1049524.52,734476.98,314762.26
1051525.53,1051525.53,735878.08,315362.76
1053526.53,1053526.53,737279.18,315963.26
1055527.53,1055527.53,738680.28,316563.76
1057528.53,1057528.53,740081.38,317164.26
1059529.53,1059529.53,741482.48,317764.76
1061530.53,1061530.53,742883.58,318365.27
1063531.53,1063531.53,744284.68,318965.77
1065532.53,1065532.53,745685.79,319566.27
1067533.53,1067533.53,747086.89,320166.77
1069534.53,1069534.53,748487.99,320767.27
1071535.54,1071535.54,749889.09,321367.77
1073536.54,1073536.54,751290.19,321968.27
1075537.54,1075537.54,752691.29,322568.77
1077538.54,1077538.54,754092.39,323169.27
1079539.54,1079539.54,755493.49,323769.77
1081540.54,1081540.54,756894.59,324370.27
1083541.54,1083541.54,758295.7,324970.77
1085542.54,1085542.54,759696.8,325571.27
1087543.54,1087543.54,761097.9,326171.77
1089544.54,1089544.54,762499.0,326772.27
1091545.55,1091545.55,763900.1,327372.77
1093546.55,1093546.55,765301.2,327973.27
1095547.55,1095547.55,766702.3,328573.77
1097548.55,1097548.55,768103.4,329174.27
1099549.55,1099549.55,769504.5,329774.77
1101550.55,1101550.55,770905.61,330375.28
1103551.55,1103551.55,772306.71,330975.78
1105552.55,1105552.55,773707.81,331576.28
1107553.55,1107553.55,775108.91,332176.78
1109554.55,1109554.55,776510.01,332777.28
1111555.56,1111555.56,777911.11,333377.78
1113556.56,1113556.56,779312.21,333978.28
1115557.56,1115557.56,780713.31,334578.78
1117558.56,1117558.56,782114.41,335179.28
1119559.56,1119559.56,783515.52,335779.78
1121560.56,1121560.56,784916.62,336380.28
1123561.56,1123561.56,786317.72,336980.78
1125562.56,1125562.56,787718.82,337581.28
1127563.56,1127563.56,789119.92,338181.78
1129564.56,1129564.56,790521.02,338782.28
1131565.57,1131565.57,791922.12,339382.78
1133566.57,1133566.57,793323.22,339983.28
1135567.57,1135567.57,794724.32,340583.78
1137568.57,1137568.57,796125.43,341184.28
1139569.57,1139569.57,797526.53,341784.78
1141570.57,1141570.57,798927.63,342385.29
1143571.57,1143571.57,800328.73,342985.79
1145572.57,1145572.57,801729.83,343586.29
1147573.57,1147573.57,803130.93,344186.79
1149574.57,1149574.57,804532.03,344787.29
1151575.58,1151575.58,805933.13,345387.79
1153576.58,1153576.58,807334.23,345988.29
1155577.58,1155577.58,808735.34,346588.79
1157578.58,1157578.58,810136.44,347189.29
1159579.58,1159579.58,811537.54,347789.79
1161580.58,1161580.58,812938.64,348390.29
1163581.58,1163581.58,814339.74,348990.79
1165582.58,1165582.58,815740.84,349591.29
1167583.58,1167583.58,817141.94,350191.79
1169584.58,1169584.58,818543.04,350792.29
1171585.59,1171585.59,819944.14,351392.79
1173586.59,1173586.59,821345.25,351993.29
1175587.59,1175587.59,822746.35,352593.79
1177588.59,1177588.59,824147.45,353194.29
1179589.59,1179589.59,825548.55,353794.79
1181590.59,1181590.59,826949.65,354395.3
1183591.59,1183591.59,828350.75,354995.8
1185592.59,1185592.59,829751.85,355596.3
1187593.59,1187593.59,831152.95,356196.8
1189594.59,1189594.59,832554.05,356797.3
1191595.6,1191595.6,833955.16,357397.8
1193596.6,1193596.6,835356.26,357998.3
1195597.6,1195597.6,836757.36,358598.8
1197598.6,1197598.6,838158.46,359199.3
1199599.6,1199599.6,839559.56,359799.8
1201600.6,1201600.6,840960.66,360400.3
1203601.6,1203601.6,842361.76,361000.8
1205602.6,1205602.6,843762.86,361601.3
1207603.6,1207603.6,845163.96,362201.8
1209604.6,1209604.6,846565.07,362802.3
1211605.61,1211605.61,847966.17,363402.8
1213606.61,1213606.61,849367.27,364003.3
1215607.61,1215607.61,850768.37,364603.8
1217608.61,1217608.61,852169.47,365204.3
1219609.61,1219609.61,853570.57,365804.8
1221610.61,1221610.61,854971.67,366405.31
1223611.61,1223611.61,856372.77,367005.81
1225612.61,1225612.61,857773.87,367606.31
1227613.61,1227613.61,859174.97,368206.81
1229614.61,1229614.61,860576.08,368807.31
1231615.62,1231615.62,861977.18,369407.81
1233616.62,1233616.62,863378.28,370008.31
1235617.62,1235617.62,864779.38,370608.81
1237618.62,1237618.62,866180.48,371209.31
1239619.62,1239619.62,867581.58,371809.81
1241620.62,1241620.62,868982.68,372410.31
1243621.62,1243621.62,870383.78,373010.81
1245622.62,1245622.62,871784.88,373611.31
1247623.62,1247623.62,873185.99,374211.81
1249624.62,1249624.62,874587.09,374812.31
1251625.63,1251625.63,875988.19,375412.81
1253626.63,1253626.63,877389.29,376013.31
1255627.63,1255627.63,878790.39,376613.81
1257628.63,1257628.63,880191.49,377214.31
1259629.63,1259629.63,881592.59,377814.81
1261630.63,1261630.63,882993.69,378415.32
1263631.63,1263631.63,884394.79,379015.82
1265632.63,1265632.63,885795.9,379616.32
1267633.63,1267633.63,887197.0,380216.82
1269634.63,1269634.63,888598.1,380817.32
1271635.64,1271635.64,889999.2,381417.82
1273636.64,1273636.64,891400.3,382018.32
1275637.64,1275637.64,892801.4,382618.82
1277638.64,1277638.64,894202.5,383219.32
1279639.64,1279639.64,895603.6,383819.82
1281640.64,1281640.64,897004.7,384420.32
1283641.64,1283641.64,898405.81,385020.82
1285642.64,1285642.64,899806.91,385621.32
1287643.64,1287643.64,901208.01,386221.82
1289644.64,1289644.64,902609.11,386822.32
1291645.65,1291645.65,904010.21,387422.82
1293646.65,1293646.65,905411.31,388023.32
1295647.65,1295647.65,906812.41,388623.82
1297648.65,1297648.65,908213.51,389224.32
1299649.65,1299649.65,909614.61,389824.82
1301650.65,1301650.65,911015.72,390425.33
1303651.65,1303651.65,912416.82,391025.83
1305652.65,1305652.65,913817.92,391626.33
1307653.65,1307653.65,915219.02,392226.83
1309654.65,1309654.65,916620.12,392827.33
1311655.66,1311655.66,918021.22,393427.83
1313656.66,1313656.66,919422.32,394028.33
1315657.66,1315657.66,920823.42,394628.83
1317658.66,1317658.66,922224.52,395229.33
1319659.66,1319659.66,923625.63,395829.83
1321660.66,1321660.66,925026.73,396430.33
1323661.66,1323661.66,926427.83,397030.83
1325662.66,1325662.66,927828.93,397631.33
1327663.66,1327663.66,929230.03,398231.83
1329664.66,1329664.66,930631.13,398832.33
1331665.67,1331665.67,932032.23,399432.83
1333666.67,1333666.67,933433.33,400033.33
1335667.67,1335667.67,934834.43,400633.83
1337668.67,1337668.67,936235.54,401234.33
1339669.67,1339669.67,937636.64,401834.83
1341670.67,1341670.67,939037.74,402435.34
1343671.67,1343671.67,940438.84,403035.84
1345672.67,1345672.67,941839.94,403636.34
1347673.67,1347673.67,943241.04,404236.84
1349674.67,1349674.67,944642.14,404837.34
1351675.68,1351675.68,946043.24,405437.84
1353676.68,1353676.68,947444.34,406038.34
1355677.68,1355677.68,948845.45,406638.84
1357678.68,1357678.68,950246.55,407239.34
1359679.68,1359679.68,951647.65,407839.84
1361680.68,1361680.68,953048.75,408440.34
1363681.68,1363681.68,954449.85,409040.84
1365682.68,1365682.68,955850.95,409641.34
1367683.68,1367683.68,957252.05,410241.84
1369684.68,1369684.68,958653.15,410842.34
1371685.69,1371685.69,960054.25,411442.84
1373686.69,1373686.69,961455.36,412043.34
1375687.69,1375687.69,962856.46,412643.84
1377688.69,1377688.69,964257.56,413244.34
1379689.69,1379689.69,965658.66,413844.84
1381690.69,1381690.69,967059.76,414445.35
1383691.69,1383691.69,968460.86,415045.85
1385692.69,1385692.69,969861.96,415646.35
1387693.69,1387693.69,971263.06,416246.85
1389694.69,1389694.69,972664.16,416847.35
1391695.7,1391695.7,974065.27,417447.85
1393696.7,1393696.7,975466.37,418048.35
1395697.7,1395697.7,976867.47,418648.85
1397698.7,1397698.7,978268.57,419249.35
1399699.7,1399699.7,979669.67,419849.85
1401700.7,1401700.7,981070.77,420450.35
1403701.7,1403701.7,982471.87,421050.85
1405702.7,1405702.7,983872.97,421651.35
1407703.7,1407703.7,985274.07,422251.85
1409704.7,1409704.7,986675.18,422852.35
1411705.71,1411705.71,988076.28,423452.85
1413706.71,1413706.71,989477.38,424053.35
1415707.71,1415707.71,990878.48,424653.85
1417708.71,1417708.71,992279.58,425254.35
1419709.71,1419709.71,993680.68,425854.85
1421710.71,1421710.71,995081.78,426455.36
1423711.71,1423711.71,996482.88,427055.86
1425712.71,1425712.71,997883.98,427656.36
1427713.71,1427713.71,999285.09,428256.86
1429714.71,1429714.71,1000686.19,428857.36
1431715.72,1431715.72,1002087.29,429457.86
1433716.72,1433716.72,1003488.39,430058.36
1435717.72,1435717.72,1004889.49,430658.86
1437718.72,1437718.72,1006290.59,431259.36
1439719.72,1439719.72,1007691.69,431859.86
1441720.72,1441720.72,1009092.79,432460.36
1443721.72,1443721.72,1010493.89,433060.86
1445722.72,1445722.72,1011894.99,433661.36
1447723.72,1447723.72,1013296.1,434261.86
1449724.72,1449724.72,1014697.2,434862.36
1451725.73,1451725.73,1016098.3,435462.86
1453726.73,1453726.73,1017499.4,436063.36
1455727.73,1455727.73,1018900.5,436663.86
1457728.73,1457728.73,1020301.6,437264.36
1459729.73,1459729.73,1021702.7,437864.86
1461730.73,1461730.73,1023103.8,438465.37
1463731.73,1463731.73,1024504.9,439065.87
1465732.73,1465732.73,1025906.01,439666.37
1467733.73,1467733.73,1027307.11,440266.87
1469734.73,1469734.73,1028708.21,440867.37
1471735.74,1471735.74,1030109.31,441467.87
1473736.74,1473736.74,1031510.41,442068.37
1475737.74,1475737.74,1032911.51,442668.87
1477738.74,1477738.74,1034312.61,443269.37
1479739.74,1479739.74,1035713.71,443869.87
1481740.74,1481740.74,1037114.81,444470.37
1483741.74,1483741.74,1038515.92,445070.87
1485742.74,1485742.74,1039917.02,445671.37
1487743.74,1487743.74,1041318.12,446271.87
1489744.74,1489744.74,1042719.22,446872.37
1491745.75,1491745.75,1044120.32,447472.87
1493746.75,1493746.75,1045521.42,448073.37
1495747.75,1495747.75,1046922.52,448673.87
1497748.75,1497748.75,1048323.62,449274.37
1499749.75,1499749.75,1049724.72,449874.87
1501750.75,1501750.75,1051125.83,450475.38
1503751.75,1503751.75,1052526.93,451075.88
1505752.75,1505752.75,1053928.03,451676.38
1507753.75,1507753.75,1055329.13,452276.88
1509754.75,1509754.75,1056730.23,452877.38
1511755.76,1511755.76,1058131.33,453477.88
1513756.76,1513756.76,1059532.43,454078.38
1515757.76,1515757.76,1060933.53,454678.88
1517758.76,1517758.76,1062334.63,455279.38
1519759.76,1519759.76,1063735.74,455879.88
1521760.76,1521760.76,1065136.84,456480.38
1523761.76,1523761.76,1066537.94,457080.88
1525762.76,1525762.76,1067939.04,457681.38
1527763.76,1527763.76,1069340.14,458281.88
1529764.76,1529764.76,1070741.24,458882.38
1531765.77,1531765.77,1072142.34,459482.88
1533766.77,1533766.77,1073543.44,460083.38
1535767.77,1535767.77,1074944.54,460683.88
1537768.77,1537768.77,1076345.65,461284.38
1539769.77,1539769.77,1077746.75,461884.88
1541770.77,1541770.77,1079147.85,462485.39
1543771.77,1543771.77,1080548.95,463085.89
1545772.77,1545772.77,1081950.05,463686.39
1547773.77,1547773.77,1083351.15,464286.89
1549774.77,1549774.77,1084752.25,464887.39
1551775.78,1551775.78,1086153.35,465487.89
1553776.78,1553776.78,1087554.45,466088.39
1555777.78,1555777.78,1088955.56,466688.89
1557778.78,1557778.78,1090356.66,467289.39
1559779.78,1559779.78,1091757.76,467889.89
1561780.78,1561780.78,1093158.86,468490.39
1563781.78,1563781.78,1094559.96,469090.89
1565782.78,1565782.78,1095961.06,469691.39
1567783.78,1567783.78,1097362.16,470291.89
1569784.78,1569784.78,1098763.26,470892.39
1571785.79,1571785.79,1100164.36,471492.89
1573786.79,1573786.79,1101565.47,472093.39
1575787.79,1575787.79,1102966.57,472693.89
1577788.79,1577788.79,1104367.67,473294.39
1579789.79,1579789.79,1105768.77,473894.89
1581790.79,1581790.79,1107169.87,474495.4
1583791.79,1583791.79,1108570.97,475095.9
1585792.79,1585792.79,1109972.07,475696.4
1587793.79,1587793.79,1111373.17,476296.9
1589794.79,1589794.79,1112774.27,476897.4
1591795.8,1591795.8,1114175.38,477497.9
1593796.8,1593796.8,1115576.48,478098.4
1595797.8,1595797.8,1116977.58,478698.9
1597798.8,1597798.8,1118378.68,479299.4
1599799.8,1599799.8,1119779.78,479899.9
1601800.8,1601800.8,1121180.88,480500.4
1603801.8,1603801.8,1122581.98,481100.9
1605802.8,1605802.8,1123983.08,481701.4
1607803.8,1607803.8,1125384.18,482301.9
1609804.8,1609804.8,1126785.29,482902.4
1611805.81,1611805.81,1128186.39,483502.9
1613806.81,1613806.81,1129587.49,484103.4
1615807.81,1615807.81,1130988.59,484703.9
1617808.81,1617808.81,1132389.69,485304.4
1619809.81,1619809.81,1133790.79,485904.9
1621810.81,1621810.81,1135191.89,486505.41
1623811.81,1623811.81,1136592.99,487105.91
1625812.81,1625812.81,1137994.09,487706.41
1627813.81,1627813.81,1139395.2,488306.91
1629814.81,1629814.81,1140796.3,488907.41
1631815.82,1631815.82,1142197.4,489507.91
1633816.82,1633816.82,1143598.5,490108.41
1635817.82,1635817.82,1144999.6,490708.91
1637818.82,1637818.82,1146400.7,491309.41
1639819.82,1639819.82,1147801.8,491909.91
1641820.82,1641820.82,1149202.9,492510.41
1643821.82,1643821.82,1150604.0,493110.91
1645822.82,1645822.82,1152005.11,493711.41
1647823.82,1647823.82,1153406.21,494311.91
1649824.82,1649824.82,1154807.31,494912.41
1651825.83,1651825.83,1156208.41,495512.91
1653826.83,1653826.83,1157609.51,496113.41
1655827.83,1655827.83,1159010.61,496713.91
1657828.83,1657828.83,1160411.71,497314.41
1659829.83,1659829.83,1161812.81,497914.91
1661830.83,1661830.83,1163213.91,498515.42
1663831.83,1663831.83,1164615.02,499115.92
1665832.83,1665832.83,1166016.12,499716.42
1667833.83,1667833.83,1167417.22,500316.92
1669834.83,1669834.83,1168818.32,500917.42
1671835.84,1671835.84,1170219.42,501517.92
1673836.84,1673836.84,1171620.52,502118.42
1675837.84,1675837.84,1173021.62,502718.92
1677838.84,1677838.84,1174422.72,503319.42
1679839.84,1679839.84,1175823.82,503919.92
1681840.84,1681840.84,1177224.92,504520.42
1683841.84,1683841.84,1178626.03,505120.92
1685842.84,1685842.84,1180027.13,505721.42
1687843.84,1687843.84,1181428.23,506321.92
1689844.84,1689844.84,1182829.33,506922.42
1691845.85,1691845.85,1184230.43,507522.92
1693846.85,1693846.85,1185631.53,508123.42
1695847.85,1695847.85,1187032.63,508723.92
1697848.85,1697848.85,1188433.73,509324.42
1699849.85,1699849.85,1189834.83,509924.92
1701850.85,1701850.85,1191235.94,510525.43
1703851.85,1703851.85,1192637.04,511125.93
1705852.85,1705852.85,1194038.14,511726.43
1707853.85,1707853.85,1195439.24,512326.93
1709854.85,1709854.85,1196840.34,512927.43
1711855.86,1711855.86,1198241.44,513527.93
1713856.86,1713856.86,1199642.54,514128.43
1715857.86,1715857.86,1201043.64,514728.93
1717858.86,1717858.86,1202444.74,515329.43
1719859.86,1719859.86,1203845.85,515929.93
1721860.86,1721860.86,1205246.95,516530.43
1723861.86,1723861.86,1206648.05,517130.93
1725862.86,1725862.86,1208049.15,517731.43
1727863.86,1727863.86,1209450.25,518331.93
1729864.86,1729864.86,1210851.35,518932.43
1731865.87,1731865.87,1212252.45,519532.93
1733866.87,1733866.87,1213653.55,520133.43
1735867.87,1735867.87,1215054.65,520733.93
1737868.87,1737868.87,1216455.76,521334.43
1739869.87,1739869.87,1217856.86,521934.93
1741870.87,1741870.87,1219257.96,522535.44
1743871.87,1743871.87,1220659.06,523135.94
1745872.87,1745872.87,1222060.16,523736.44
1747873.87,1747873.87,1223461.26,524336.94
1749874.87,1749874.87,1224862.36,524937.44
1751875.88,1751875.88,1226263.46,525537.94
1753876.88,1753876.88,1227664.56,526138.44
1755877.88,1755877.88,1229065.67,526738.94
1757878.88,1757878.88,1230466.77,527339.44
1759879.88,1759879.88,1231867.87,527939.94
1761880.88,1761880.88,1233268.97,528540.44
1763881.88,1763881.88,1234670.07,529140.94
1765882.88,1765882.88,1236071.17,529741.44
1767883.88,1767883.88,1237472.27,530341.94
1769884.88,1769884.88,1238873.37,530942.44
1771885.89,1771885.89,1240274.47,531542.94
1773886.89,1773886.89,1241675.58,532143.44
1775887.89,1775887.89,1243076.68,532743.94
1777888.89,1777888.89,1244477.78,533344.44
1779889.89,1779889.89,1245878.88,533944.94
1781890.89,1781890.89,1247279.98,534545.45
1783891.89,1783891.89,1248681.08,535145.95
1785892.89,1785892.89,1250082.18,535746.45
1787893.89,1787893.89,1251483.28,536346.95
1789894.89,1789894.89,1252884.38,536947.45
1791895.9,1791895.9,1254285.49,537547.95
1793896.9,1793896.9,1255686.59,538148.45
1795897.9,1795897.9,1257087.69,538748.95
1797898.9,1797898.9,1258488.79,539349.45
1799899.9,1799899.9,1259889.89,539949.95
1801900.9,1801900.9,1261290.99,540550.45
1803901.9,1803901.9,1262692.09,541150.95
1805902.9,1805902.9,1264093.19,541751.45
1807903.9,1807903.9,1265494.29,542351.95
1809904.9,1809904.9,1266895.4,542952.45
1811905.91,1811905.91,1268296.5,543552.95
1813906.91,1813906.91,1269697.6,544153.45
1815907.91,1815907.91,1271098.7,544753.95
1817908.91,1817908.91,1272499.8,545354.45
1819909.91,1819909.91,1273900.9,545954.95
1821910.91,1821910.91,1275302.0,546555.46
1823911.91,1823911.91,1276703.1,547155.96
1825912.91,1825912.91,1278104.2,547756.46
1827913.91,1827913.91,1279505.31,548356.96
1829914.91,1829914.91,1280906.41,548957.46
1831915.92,1831915.92,1282307.51,549557.96
1833916.92,1833916.92,1283708.61,550158.46
1835917.92,1835917.92,1285109.71,550758.96
1837918.92,1837918.92,1286510.81,551359.46
1839919.92,1839919.92,1287911.91,551959.96
1841920.92,1841920.92,1289313.01,552560.46
1843921.92,1843921.92,1290714.11,553160.96
1845922.92,1845922.92,1292115.22,553761.46
1847923.92,1847923.92,1293516.32,554361.96
1849924.92,1849924.92,1294917.42,554962.46
1851925.93,1851925.93,1296318.52,555562.96
1853926.93,1853926.93,1297719.62,556163.46
1855927.93,1855927.93,1299120.72,556763.96
1857928.93,1857928.93,1300521.82,557364.46
1859929.93,1859929.93,1301922.92,557964.96
1861930.93,1861930.93,1303324.02,558565.47
1863931.93,1863931.93,1304725.13,559165.97
1865932.93,1865932.93,1306126.23,559766.47
1867933.93,1867933.93,1307527.33,560366.97
1869934.93,1869934.93,1308928.43,560967.47
1871935.94,1871935.94,1310329.53,561567.97
1873936.94,1873936.94,1311730.63,562168.47
1875937.94,1875937.94,1313131.73,562768.97
1877938.94,1877938.94,1314532.83,563369.47
1879939.94,1879939.94,1315933.93,563969.97
1881940.94,1881940.94,1317335.04,564570.47
1883941.94,1883941.94,1318736.14,565170.97
1885942.94,1885942.94,1320137.24,565771.47
1887943.94,1887943.94,1321538.34,566371.97
1889944.94,1889944.94,1322939.44,566972.47
1891945.95,1891945.95,1324340.54,567572.97
1893946.95,1893946.95,1325741.64,568173.47
1895947.95,1895947.95,1327142.74,568773.97
1897948.95,1897948.95,1328543.84,569374.47
1899949.95,1899949.95,1329944.94,569974.97
1901950.95,1901950.95,1331346.05,570575.48
1903951.95,1903951.95,1332747.15,571175.98
1905952.95,1905952.95,1334148.25,571776.48
1907953.95,1907953.95,1335549.35,572376.98
1909954.95,1909954.95,1336950.45,572977.48
1911955.96,1911955.96,1338351.55,573577.98
1913956.96,1913956.96,1339752.65,574178.48
1915957.96,1915957.96,1341153.75,574778.98
1917958.96,1917958.96,1342554.85,575379.48
1919959.96,1919959.96,1343955.96,575979.98
1921960.96,1921960.96,1345357.06,576580.48
1923961.96,1923961.96,1346758.16,577180.98
1925962.96,1925962.96,1348159.26,577781.48
1927963.96,1927963.96,1349560.36,578381.98
1929964.96,1929964.96,1350961.46,578982.48
1931965.97,1931965.97,1352362.56,579582.98
1933966.97,1933966.97,1353763.66,580183.48
1935967.97,1935967.97,1355164.76,580783.98
1937968.97,1937968.97,1356565.87,581384.48
1939969.97,1939969.97,1357966.97,581984.98
1941970.97,1941970.97,1359368.07,582585.49
1943971.97,1943971.97,1360769.17,583185.99
1945972.97,1945972.97,1362170.27,583786.49
1947973.97,1947973.97,1363571.37,584386.99
1949974.97,1949974.97,1364972.47,584987.49
1951975.98,1951975.98,1366373.57,585587.99
1953976.98,1953976.98,1367774.67,586188.49
1955977.98,1955977.98,1369175.78,586788.99
1957978.98,1957978.98,1370576.88,587389.49
1959979.98,1959979.98,1371977.98,587989.99
1961980.98,1961980.98,1373379.08,588590.49
1963981.98,1963981.98,1374780.18,589190.99
1965982.98,1965982.98,1376181.28,589791.49
1967983.98,1967983.98,1377582.38,590391.99
1969984.98,1969984.98,1378983.48,590992.49
1971985.99,1971985.99,1380384.58,591592.99
1973986.99,1973986.99,1381785.69,592193.49
1975987.99,1975987.99,1383186.79,592793.99
1977988.99,1977988.99,1384587.89,593394.49
1979989.99,1979989.99,1385988.99,593994.99
1981990.99,1981990.99,1387390.09,594595.5
1983991.99,1983991.99,1388791.19,595196.0
1985992.99,1985992.99,1390192.29,595796.5
1987993.99,1987993.99,1391593.39,596397.0
1989994.99,1989994.99,1392994.49,596997.5
1991996.0,1991996.0,1394395.6,597598.0
1993997.0,1993997.0,1395796.7,598198.5
1995998.0,1995998.0,1397197.8,598799.0
1997999.0,1997999.0,1398598.9,599399.5
2000000.0,2000000.0,1400000.0,600000.0
